id,name,artist,danceability,energy,key,loudness,mode,speechiness,acousticness,instrumentalness,liveness,valence,tempo,duration_ms,time_signature,Peak_Position,Weeks_on_Chart
29,Perfect,Ed Sheeran,0.599,0.448,8,-6.312,1,0.0232,0.163,0,0.106,0.168,95.05,263400,3,1,56
54,Believer,Imagine Dragons,0.776,0.78,10,-4.374,0,0.128,0.0622,0,0.081,0.666,124.949,204347,4,4,51
43,Thunder,Imagine Dragons,0.605,0.822,0,-4.833,1,0.0438,0.00671,0.134,0.147,0.288,167.997,187147,4,4,51
24,New Rules,Dua Lipa,0.762,0.7,9,-6.021,0,0.0694,0.00261,1.56E-05,0.153,0.608,116.073,209320,4,6,47
10,Havana,Camila Cabello,0.765,0.523,2,-4.333,1,0.03,0.184,3.56E-05,0.132,0.394,104.988,217307,4,1,45
71,Feel It Still,Portugal. The Man,0.801,0.795,1,-5.115,0,0.0504,0.0417,0.000113,0.0717,0.754,79.028,163253,4,4,44
92,I Like Me Better,Lauv,0.752,0.505,9,-7.621,1,0.253,0.535,2.55E-06,0.104,0.419,91.97,197437,4,27,41
14,The Middle,Zedd,0.753,0.657,7,-3.061,1,0.0449,0.171,0,0.112,0.437,107.01,184732,4,5,40
6,I Like It,Cardi B,0.816,0.726,5,-3.998,0,0.129,0.099,0,0.372,0.65,136.048,253390,4,1,37
0,God's Plan,Drake,0.754,0.449,7,-9.211,1,0.109,0.0332,8.29E-05,0.552,0.357,77.169,198973,4,1,36
86,Young Dumb & Broke,Khalid,0.798,0.539,1,-6.351,1,0.0421,0.199,1.66E-05,0.165,0.394,136.949,202547,4,18,35
5,Better Now,Post Malone,0.68,0.563,10,-5.843,1,0.0454,0.354,0,0.136,0.374,145.028,231267,4,3,34
22,Mine,Bazzi,0.71,0.789,4,-3.874,1,0.0722,0.0161,2.77E-06,0.451,0.717,142.929,131064,4,11,34
11,Lucid Dreams,Juice WRLD,0.511,0.566,6,-7.23,0,0.2,0.349,0,0.34,0.218,83.903,239836,4,2,32
32,I Fall Apart,Post Malone,0.556,0.538,8,-5.408,0,0.0382,0.0689,0,0.196,0.291,143.95,223347,4,16,29
91,Yes Indeed,Lil Baby,0.964,0.346,5,-9.309,0,0.53,0.035,0,0.108,0.562,119.958,142273,4,6,29
23,Youngblood,5 Seconds of Summer,0.596,0.854,7,-5.114,0,0.463,0.0169,0,0.124,0.152,120.274,203418,4,7,29
48,Let You Down,NF,0.656,0.721,5,-5.665,0,0.122,0.298,0,0.173,0.468,148.066,212120,4,12,27
12,Nice For What,Drake,0.586,0.909,8,-6.474,1,0.0705,0.0891,0.000109,0.119,0.757,93.394,210747,4,1,25
63,In My Blood,Shawn Mendes,0.622,0.712,5,-7.321,1,0.066,0.0573,0,0.13,0.487,140.025,211360,4,11,23
8,IDGAF,Dua Lipa,0.836,0.544,7,-5.975,1,0.0943,0.0403,0,0.0824,0.51,97.028,217947,4,49,23
52,Too Good At Goodbyes,Sam Smith,0.698,0.375,5,-8.279,1,0.0491,0.652,0,0.173,0.534,91.92,201000,4,4,23
64,Silence,Marshmello,0.52,0.761,4,-3.093,1,0.0853,0.256,4.96E-06,0.17,0.286,141.971,180823,4,30,22
61,Nonstop,Drake,0.912,0.412,7,-8.074,1,0.124,0.0164,0.013,0.104,0.422,154.983,238614,4,2,22
73,Walk It Talk It,Migos,0.909,0.628,2,-5.456,1,0.201,0.0739,0,0.108,0.406,145.905,276147,4,10,22
37,Wolves,Selena Gomez,0.72,0.807,11,-4.59,0,0.0432,0.129,0,0.183,0.305,124.946,197993,4,20,22
4,In My Feelings,Drake,0.835,0.626,1,-5.833,1,0.125,0.0589,6.00E-05,0.396,0.35,91.03,217925,4,1,22
81,Stir Fry,Migos,0.815,0.816,2,-5.474,1,0.269,0.00299,0,0.159,0.498,181.967,190288,4,8,21
41,Dura,Daddy Yankee,0.791,0.848,1,-3.456,1,0.0506,0.183,0,0.409,0.828,95,200480,4,43,21
68,What Lovers Do,Maroon 5,0.799,0.597,5,-5.131,0,0.0611,0.0788,5.66E-06,0.1,0.419,110.001,199849,4,9,21
17,X,Nicky Jam,0.595,0.773,9,-4.736,0,0.0549,0.0364,0.00108,0.334,0.711,180.073,173628,4,41,21
79,Plug Walk,Rich The Kid,0.876,0.519,11,-6.531,1,0.143,0.202,0,0.108,0.158,94.981,175230,4,13,20
28,Jocelyn Flores,XXXTENTACION,0.872,0.391,0,-9.144,0,0.242,0.469,4.13E-06,0.297,0.437,134.021,119133,4,19,20
18,Moonlight,XXXTENTACION,0.921,0.537,9,-5.723,0,0.0804,0.556,0.00404,0.102,0.711,128.009,135090,4,13,20
75,Candy Paint,Post Malone,0.67,0.654,4,-5.944,1,0.153,0.627,1.02E-06,0.071,0.438,180.024,227533,4,34,20
45,Jackie Chan,Ti?sto,0.747,0.834,3,-2.867,0,0.045,0.374,0,0.0586,0.687,128.005,215760,4,52,19
49,Call Out My Name,The Weeknd,0.489,0.598,1,-4.929,1,0.036,0.218,0,0.35,0.172,134.045,228373,3,4,18
51,Happier,Marshmello,0.687,0.792,5,-2.749,1,0.0452,0.191,0,0.167,0.671,100.015,214290,4,3,18
97,No Brainer,DJ Khaled,0.552,0.76,0,-4.706,1,0.342,0.0733,0,0.0865,0.639,135.702,260000,5,5,15
93,This Is Me,Keala Settle,0.284,0.704,2,-7.276,1,0.186,0.00583,0.000115,0.0424,0.1,191.702,234707,4,83,14
59,Sin Pijama,Becky G,0.791,0.745,11,-3.695,0,0.0464,0.354,2.93E-05,0.104,0.82,94.014,188560,4,70,12
99,Be Alright,Dean Lewis,0.553,0.586,11,-6.319,1,0.0362,0.697,0,0.0813,0.443,126.684,196373,4,63,8
94,Everybody Dies In Their Nightmares,XXXTENTACION,0.734,0.57,7,-7.066,0,0.133,0.847,2.14E-05,0.112,0.689,129.953,95467,4,42,7
95,Rewrite The Stars,Zac Efron,0.684,0.619,10,-7.005,1,0.0386,0.0716,0,0.122,0.284,125.046,217440,4,70,7
33,Nevermind,Dennis Lloyd,0.592,0.691,3,-8.354,1,0.196,0.156,9.78E-06,0.418,0.0796,99.976,156600,4,86,4
78,Criminal,Natti Natasha,0.814,0.813,2,-3.023,0,0.0561,0.03,9.33E-05,0.255,0.839,79.997,232550,4,95,3
44,Me Niego,Reik,0.777,0.779,0,-4.449,0,0.0972,0.0543,0,0.636,0.768,94.023,221653,4,97,3
83,Vaina Loca,Ozuna,0.754,0.805,6,-4.249,1,0.0752,0.315,0,0.203,0.555,93.983,176133,4,100,2
